sample	Desulfohalobiaceae	Micrococcaceae	Incertae Sedis XIV	Moraxellaceae	Incertae Sedis XIII	Actinomycetaceae	Neisseriaceae	Sphingomonadaceae	Rubrobacteraceae	Enterobacteriaceae	Aeromonadaceae	Ruminococcaceae	Prevotellaceae	Bacillaceae	Vibrionaceae	Bacteroidaceae	Pasteurellaceae	Erysipelotrichaceae	Brachyspiraceae	Burkholderiaceae	Helicobacteraceae	Microbacteriaceae	Pseudomonadaceae	Porphyromonadaceae	Chromatiaceae	Rhizobiaceae	Coriobacteriaceae	Enterococcaceae	Staphylococcaceae	Flavobacteriaceae	Chloroplast	Veillonellaceae	Rikenellaceae	Succinivibrionaceae	Lactobacillaceae	Lachnospiraceae	Burkholderiales_incertae_sedis	Bradyrhizobiaceae	Streptococcaceae	Alcaligenaceae	Comamonadaceae	Caulobacteraceae	Family I	Pseudoalteromonadaceae	Eubacteriaceae	Peptostreptococcaceae	Fusobacteriaceae	Rhodocyclaceae	Desulfovibrionaceae	Propionibacteriaceae	Oceanospirillaceae	Xanthomonadaceae	Clostridiaceae
D5-686-525_2_1_380control	1	2	173	0	6	3	3	301	0	6	15	636	0	1	8	480	99	501	0	2	0	0	19	102	1	0	86	2	0	8	1	29	15	0	5	1780	0	0	145	0	5	0	0	27	0	21	0	1	0	16	33	0	0
D5-655-442_2_1_1500case	0	1	297	0	5	0	4	6	0	3	0	201	15	0	0	1089	0	28	0	0	0	0	0	49	0	0	57	0	0	0	0	47	23	0	0	1752	0	0	6	40	0	0	0	1	2	2	0	0	0	0	1	0	0
D5-607-356_2_1_1355case	0	0	77	0	3	3	0	29	0	92	0	667	278	0	0	1724	0	412	0	0	2	0	0	32	0	0	108	0	2	69	2	324	0	0	0	2957	1	0	37	6	6	0	0	5	20	1	0	0	0	0	2	0	7
D5-635-911_1_1_332case	2	9	368	24	4	11	9	348	268	213	10	627	644	148	6	208	33	134	0	50	3	136	279	116	11	94	57	0	5	881	580	121	18	185	40	3245	61	8	182	23	453	3	0	11	9	8	737	58	0	36	8	110	32
D5-623-944_2_1_965control	0	0	292	0	0	1	0	16	0	8	1	112	0	0	2	761	2	32	0	3	0	0	1	11	1	0	60	0	0	191	1	13	11	0	0	1258	0	0	1080	51	3	0	0	3	1	0	47	0	0	0	3	0	0
D5-649-142_2_1_943control	0	0	308	2	5	0	1	370	0	23	16	533	5	4	35	231	0	209	0	8	0	19	7	69	6	0	54	0	0	50	20	22	4	0	1	917	0	7	35	32	4	7	0	16	478	0	0	0	0	8	22	2	17
D5-621-913_2_1_899control	0	1	51	0	0	0	6	72	0	106	3	90	2	0	14	1123	38	106	0	15	0	0	4	256	5	0	0	0	0	1	3	2	2	1	0	1183	0	2	24	8	0	0	0	28	39	13	0	0	0	0	22	1	0
D5-602-805_2_1_53control	0	21	42	0	0	1	2	85	0	34	4	252	39	11	7	602	14	10	0	6	1	71	87	34	6	19	23	0	3	55	144	37	16	0	15	522	0	0	32	43	59	0	0	17	4	49	0	0	0	5	19	51	2
D5-602-100_2_1_180control	0	0	280	0	9	6	1	43	0	35	8	515	144	0	2	126	1	116	0	2	0	0	0	54	1	0	98	0	0	0	3	31	10	0	2	1472	0	1	47	117	0	0	0	11	0	37	0	0	0	1	14	0	1
D5-624-431_2_1_387control	1	0	2	2	0	1	5	280	3	45	27	111	0	5	33	1664	28	317	0	38	0	0	12	89	21	3	53	0	0	6	1	26	18	0	0	1329	1	12	90	6	2	0	0	81	1	229	0	2	0	16	36	0	0
D5-604-342_2_1_280control	2	5	560	1	3	0	0	32	0	209	1	967	70	36	3	1479	0	160	0	0	0	1	26	132	1	0	13	0	3	3	52	74	99	3	1	1368	0	4	25	111	6	0	0	1	3	13	0	1	13	15	2	3	8
D5-610-641_1_1_773control	0	3	111	18	3	0	2	241	4	191	4	481	7	167	3	418	7	94	0	11	4	38	139	46	4	31	31	0	1	27	679	26	0	0	252	480	19	33	277	0	120	5	4	6	0	61	0	10	0	12	2	39	6
D5-641-794_2_1_515case	0	1	58	0	7	0	1	51	0	9	2	394	29	1	6	416	0	9	0	0	0	0	2	43	0	0	21	0	0	347	1	26	1	0	0	1080	0	0	9	37	0	0	0	4	1	0	0	1	0	2	4	0	0
D5-647-885_2_1_901control	0	0	134	0	10	0	0	700	0	62	6	682	1	4	8	906	15	1	0	4	0	2	54	51	8	0	48	0	0	12	44	10	2	6	5	1385	4	1	30	3	16	0	0	20	39	12	0	0	0	10	11	2	4
D5-604-698_1_1_684control	0	2	276	34	0	0	0	110	32	18	1	749	298	41	0	1541	0	83	0	22	1	5	7	102	0	2	33	0	7	69	48	60	62	134	10	1757	29	3	11	65	70	1	5	0	18	26	2	5	0	3	2	7	13
D5-633-816_1_1_280case	0	0	784	2	17	1	0	34	3	6	7	1910	1	1	5	3414	6	966	0	3	0	0	5	168	1	3	139	0	4	9	7	288	68	1	7	4844	0	0	22	768	14	1	0	18	1356	2	4	1	0	0	7	1	0
D5-621-847_2_1_773control	0	4	84	1	0	0	6	90	0	38	2	345	8	3	8	893	6	196	0	30	0	0	3	5	8	0	33	0	0	17	11	49	8	0	0	1305	2	6	38	77	16	0	0	19	0	8	0	10	0	4	12	6	0
D5-636-124_2_1_547control	0	0	1409	0	0	0	1	21	0	2	0	3053	0	0	1	2213	0	360	0	0	0	0	18	749	0	0	131	0	2	243	2	128	140	0	1	1634	0	0	40	0	5	0	0	1	8	0	0	0	0	0	2	0	0
D5-621-702_1_1_998control	4	0	83	54	2	0	41	325	33	115	108	389	283	108	90	1018	9	144	0	24	3	20	48	55	34	9	34	0	8	155	103	29	9	37	41	773	35	3	147	26	204	0	3	158	23	25	12	9	12	49	122	26	37
D5-611-413_2_1_19control	0	8	142	52	0	0	0	539	0	84	0	229	194	126	0	205	2	35	0	22	0	5	17	130	0	1	17	0	9	891	53	157	3	0	0	684	5	3	18	23	67	0	0	0	29	2	11	7	0	370	0	5	3
D5-640-950_1_1_430case	3	5	225	17	0	0	0	628	178	114	3	705	76	124	0	689	2	249	0	42	0	88	186	69	0	44	192	0	2	124	386	50	23	33	103	1609	38	9	125	23	296	3	0	0	23	49	37	46	0	2	0	69	5
D5-650-400_2_1_1115case	0	0	298	0	0	0	0	773	1	106	4	257	22	14	0	401	16	143	0	15	20	6	13	675	1	0	25	0	0	0	62	50	87	0	0	1985	0	4	25	0	14	6	0	14	40	11	0	5	0	2	3	4	0
D5-631-924_1_1_213case	0	0	628	63	0	0	2	23	8	391	7	1417	9	1	3	5411	15	264	0	2	1	1	12	40	0	1	435	0	0	35	15	83	2	4	27	6022	21	2	16	43	108	0	1	6	16	162	1	5	2	4	2	2	1
D5-634-096A_2_1_1207case	6	5	183	2	0	0	5	476	0	48	12	854	25	4	1	210	0	54	0	1	0	3	13	104	7	2	5	0	8	875	14	90	0	0	1	1342	50	3	63	184	50	2	0	19	53	85	1	30	0	29	15	17	8
D5-601-618_2_1_1227case	0	8	4	43	0	1	0	683	0	145	0	173	6	50	6	292	0	25	0	23	26	26	90	26	0	6	11	0	0	149	288	13	1	0	47	758	14	236	75	55	438	1	0	0	40	8	0	136	9	10	7	31	4
D5-601-120_2_1_63control	0	1	300	0	0	0	0	78	0	47	4	118	7	0	8	1295	6	84	0	0	0	3	7	24	7	0	40	0	4	0	1	7	0	0	0	943	0	1	14	0	2	0	0	17	0	22	0	0	0	13	17	0	0
D5-603-574_2_1_213control	0	0	60	0	1	1	1	32	0	25	4	466	1	3	1	30	28	900	0	1	0	0	0	32	0	0	56	433	3	1	1	184	2	0	0	3038	1	1	137	0	6	0	0	2	0	0	0	1	0	0	0	1	0
D5-604-556_2_1_1261case	0	7	256	0	4	1	0	39	0	39	0	2440	3	32	0	4789	0	148	0	3	0	23	83	39	0	8	114	0	0	8	157	44	5	0	6	2388	0	1	13	225	51	1	0	0	15	17	0	1	0	0	0	61	0
D5-646-480_1_1_450case	0	1	390	12	0	1	9	129	62	277	16	1026	109	20	16	1812	101	145	0	22	4	28	67	149	4	16	267	0	1	59	135	93	52	37	18	3174	28	1	53	79	100	2	0	20	132	1	3	16	0	9	23	11	10
D5-604-416_2_1_577control	1	0	367	0	0	1	0	38	0	532	0	1060	26	1	1	861	4	65	0	0	0	0	35	687	0	0	86	0	0	408	2	261	205	0	0	2435	0	0	9	202	0	0	0	0	316	5	0	0	0	3	0	0	2
D5-608-055_2_1_1389case	2	7	8	4	0	0	17	766	0	49	21	86	55	3	18	852	0	65	0	13	0	9	31	131	18	1	5	0	9	31	88	61	70	0	4	263	0	9	65	63	18	6	0	65	0	0	0	12	0	13	21	6	0
D5-647-950_1_1_576case	0	1	381	6	16	0	18	99	1	66	29	362	6	41	36	1595	0	82	0	6	5	11	22	76	21	4	140	0	0	12	82	44	55	1	42	599	16	4	84	129	23	0	0	74	3	10	4	2	0	4	50	8	0
D5-604-978_2_1_332control	0	4	94	2	3	0	1	57	0	7	7	701	34	2	0	721	0	7	0	0	0	3	0	34	2	0	31	0	0	0	3	27	0	0	0	850	0	0	19	18	1	0	0	7	181	5	1	0	19	3	12	1	0
D5-638-082_1_1_380case	0	4	1482	59	3	0	0	172	10	35	3	530	336	80	1	346	0	144	0	1	8	28	71	96	3	17	66	1	1	96	104	77	30	5	25	1679	51	3	43	37	336	0	2	2	151	21	9	32	44	21	5	22	0
D5-605-326_2_1_82control	0	0	48	0	5	1	1	7	0	47	0	388	8	0	0	1126	0	389	0	0	0	0	0	273	0	0	117	0	0	213	0	90	0	0	0	4002	0	0	9	32	0	0	0	0	36	0	0	0	0	2	1	0	16
D5-605-604_2_1_635control	0	3	118	0	12	0	1	14	0	221	0	937	14	1	1	2467	0	91	0	0	0	0	1	47	0	0	29	0	0	89	0	102	6	0	0	2979	1	1	8	398	1	0	0	0	1948	65	0	0	0	1	0	0	1
D5-654-324_1_1_635case	0	3	472	12	4	0	0	114	0	21	1	1024	13	13	6	919	0	341	0	6	4	3	21	105	0	1	7	0	1	35	44	64	72	8	555	1067	47	2	33	60	62	0	0	2	3	2	1	1	16	6	0	6	10
D5-646-904_1_1_515case	0	0	69	88	0	0	0	122	21	111	0	280	461	40	0	160	1	68	2	19	6	30	76	60	1	14	15	0	16	75	300	22	6	111	59	402	58	12	37	6	224	1	2	0	11	25	2	13	1	34	0	21	28
D5-649-840_2_1_1031control	0	0	179	0	6	0	0	32	0	9	1	594	0	0	2	223	1	275	0	1	0	0	0	32	1	0	26	0	0	591	0	19	14	0	0	1369	0	0	10	0	0	0	0	6	0	0	0	0	0	0	4	0	1
D5-623-734_2_1_1170control	0	0	465	0	7	0	2	28	1	249	0	309	2	0	3	1979	7	934	0	17	0	1	4	360	0	0	41	0	0	5	1	33	78	0	0	1996	0	2	402	0	6	0	0	8	0	24	0	1	0	3	3	0	161
D5-630-521_1_1_577case	0	0	284	42	0	0	1	185	32	64	2	241	317	54	3	562	0	235	0	26	5	20	39	80	1	14	23	0	0	199	119	33	14	79	76	791	58	0	140	28	166	0	0	11	6	89	3	11	3	9	6	15	22
D5-631-222_1_1_772case	0	1	235	12	5	2	0	218	8	142	9	3229	182	43	3	746	10	104	0	10	3	14	60	81	3	4	47	0	0	305	359	27	79	60	154	1245	14	178	60	43	46	1	0	4	152	11	8	13	0	4	1	11	11
D5-686-456_1_1_63case	1	3	860	146	6	0	4	322	28	63	18	697	75	61	8	1084	5	188	0	22	5	9	68	124	8	8	245	0	0	141	100	66	72	16	90	2822	94	1	90	58	263	1	1	72	45	17	5	19	2	43	42	13	0
D5-604-622_1_1_972control	0	0	573	43	9	3	5	444	283	74	10	1115	698	33	16	1288	6	693	0	6	3	42	49	139	9	30	198	0	9	219	159	87	28	261	70	2144	23	1	82	63	420	3	1001	16	85	41	86	51	2	22	17	32	8
D5-641-588_1_1_899case	0	6	728	14	10	0	1	241	2	32	17	322	25	31	11	954	0	629	0	7	6	16	22	120	9	6	64	0	1	28	75	46	16	1	31	1515	16	1	78	49	35	0	4	21	10	9	121	3	4	1	17	7	0
D5-647-398_1_1_965control	1	9	879	10	4	7	44	680	23	189	118	527	143	105	59	746	13	172	0	16	11	26	98	55	35	31	86	0	5	374	210	28	33	8	74	1854	18	15	234	107	159	0	1	151	7	18	5	22	0	13	205	24	0
D5-650-897_2_1_1control	0	1	222	71	1	1	0	42	0	169	0	931	3	541	0	931	3	58	0	1	5	3	20	39	0	1	30	0	2	24	41	1	43	0	10	1273	0	13	25	118	45	0	0	0	234	50	0	7	0	9	0	5	0
D5-606-935_2_1_1302case	0	0	80	0	3	0	3	88	0	231	9	213	2	2	8	1036	0	12	0	0	0	0	2	9	3	1	17	0	1	543	1	32	3	0	0	319	0	0	17	19	3	1	0	14	1	2	0	3	0	1	25	0	1
D5-646-550_2_1_972control	0	0	311	0	0	4	0	185	0	1	3	66	9	0	1	1190	2	34	0	2	3	3	3	0	0	0	42	0	0	3	16	2	0	0	1	1437	0	0	48	26	7	0	0	0	20	0	0	0	0	21	0	1	0
D5-609-106_2_1_684control	0	0	322	6	0	0	4	236	0	42	21	1038	9	0	25	791	3	52	391	29	0	7	22	63	7	0	69	0	0	177	16	49	39	0	2	1736	0	1	57	5	39	0	0	64	0	0	0	6	0	1	41	0	0
D5-636-542_2_1_450control	0	0	74	0	0	9	0	13	0	1117	1	69	0	0	0	137	7	426	1	0	0	0	0	9	0	0	220	0	0	64	0	28	4	0	0	1226	0	0	35	27	1	0	0	9	0	0	0	0	0	0	6	0	301
D5-647-741_1_1_943control	0	1	541	16	5	1	1	94	0	854	0	294	15	32	0	1010	0	531	0	4	1	4	53	86	0	4	245	0	1	179	173	103	6	1	46	3398	35	13	30	180	75	0	0	1	8	115	7	10	0	5	4	8	2
D5-610-781_1_1_180case	0	11	433	73	0	0	0	550	47	134	0	681	72	121	0	414	0	142	0	22	37	60	166	171	0	20	68	0	9	665	232	46	52	38	107	1853	55	7	156	35	449	0	7	7	14	43	17	27	0	20	1	16	6
D5-621-636_1_1_645control	1	1	831	49	4	0	2	282	14	38	3	766	145	45	6	900	2	88	0	21	2	11	75	252	4	16	98	0	0	276	98	90	111	44	26	1730	44	5	68	69	158	1	0	11	48	12	8	4	41	5	22	14	17
D5-623-246_2_1_1160control	1	0	765	0	7	0	19	356	16	57	34	1071	128	2	24	1396	20	109	0	62	0	7	9	72	16	0	7	0	7	7	27	58	193	0	2	1614	0	0	107	46	4	0	0	62	0	272	0	0	57	6	89	0	21
D5-602-667_2_1_191control	0	0	265	2	0	0	0	27	0	7	1	740	2	0	1	2779	0	176	0	0	0	0	5	36	0	0	193	0	0	129	0	98	0	0	0	2081	0	1	18	0	0	0	0	2	1	9	0	0	0	0	3	1	7
D5-625-341_2_1_319control	0	1	872	1	14	1	0	23	0	5	0	2791	2	0	7	1519	8	57	0	0	0	0	0	51	0	0	159	0	0	1033	1	54	33	1	1	2373	0	0	29	1	1	0	0	0	5	16	0	0	0	0	7	0	3
D5-634-238_1_1_319case	0	2	73	357	0	0	0	886	32	165	9	259	111	294	7	120	16	114	0	26	54	169	397	49	0	57	17	0	6	254	292	15	23	18	143	472	341	5	143	8	810	6	8	3	9	65	20	33	4	18	11	137	21
D5-649-287_1_1_547case	0	1	951	6	21	2	0	12	0	2	1	3041	314	3	1	4663	0	369	0	2	0	1	4	690	0	0	505	0	0	90	11	227	154	3	6	5458	7	0	18	330	13	0	0	1	540	2	0	0	0	1	2	1	1
D5-631-642_1_1_901case	0	5	56	4	0	4	2	101	0	131	2	300	3	14	0	538	0	613	0	1	5	4	14	16	1	1	88	0	1	6	53	0	1	3	13	2412	5	1	24	0	25	0	0	0	93	286	0	0	0	0	7	5	3
D5-657-195_1_1_82case	1	5	177	209	0	4	0	631	72	193	6	390	155	186	15	600	13	286	0	55	16	52	169	85	10	22	72	0	43	319	301	28	40	48	88	1003	212	11	147	39	627	0	0	38	31	40	20	76	10	16	54	42	22
D5-649-078_1_1_818control	5	15	347	37	2	0	4	473	365	199	8	1204	789	114	16	1073	0	221	0	46	0	148	340	131	2	101	143	0	8	302	684	86	20	235	29	1528	71	11	77	54	605	3	0	9	21	16	38	96	0	28	11	146	39
D5-610-925_1_1_191case	3	0	90	17	0	0	2	429	15	47	6	223	36	100	4	718	0	68	0	26	177	40	75	73	0	15	40	0	4	160	207	17	30	2	641	648	28	4	73	41	218	0	0	9	35	31	10	19	0	46	13	25	0
D5-645-576_2_1_430control	1	0	299	0	6	0	0	44	0	11	2	223	2	0	3	855	0	804	0	2	0	0	1	80	2	0	40	0	0	2	0	38	6	0	0	1932	0	1	15	38	1	0	0	10	1	0	2	0	0	1	3	0	0
D5-609-663_2_1_772control	0	0	307	0	0	0	2	25	0	445	4	85	0	0	1	1758	0	254	0	0	0	0	1	64	4	0	97	0	0	0	3	27	5	0	0	3238	0	0	16	98	1	0	0	7	0	12	0	0	0	0	6	0	0
D5-609-173_2_1_1426case	2	3	194	1	10	0	1	64	0	162	2	387	1	77	4	105	0	391	0	2	3	5	65	119	2	1	48	0	2	470	459	33	3	0	6	1188	1	15	28	11	10	0	0	8	10	4	0	0	0	7	4	4	0
D5-608-472_2_1_645control	0	2	80	1	8	0	9	372	24	165	12	372	162	40	17	714	0	63	0	0	0	47	62	44	7	2	35	0	10	3	383	116	21	13	127	782	0	11	96	1	26	0	0	41	10	39	0	0	0	2	20	11	9
D5-640-743_1_1_387case	1	8	161	14	5	0	9	388	149	140	13	334	356	100	9	138	1	88	0	46	8	134	239	37	5	84	20	0	2	125	624	14	17	108	68	581	32	6	105	6	306	3	0	15	13	9	8	63	0	28	8	93	20
D5-652-225_2_1_1064case	0	1	1219	0	0	1	0	43	0	1	1	1831	2	0	1	630	0	118	0	0	0	0	1	34	0	0	47	0	0	115	4	22	50	0	1	1398	0	0	76	14	0	1	0	3	0	7	0	0	0	1	3	0	0
D5-650-125_1_1_1006case	0	1	287	64	0	0	3	312	35	54	0	574	421	147	0	571	2	168	0	5	2	25	55	85	0	12	57	0	2	73	148	51	32	122	38	1158	21	0	68	20	159	0	0	0	60	43	28	9	0	32	5	36	54
D5-631-781_1_1_594case	0	3	111	27	2	2	3	107	18	90	1	650	83	16	0	473	0	243	0	7	10	7	36	84	0	5	71	0	0	77	47	21	16	35	345	678	41	3	35	23	124	0	0	18	55	6	0	40	0	24	2	7	1
